
shivendra 19 65 5.00 66.00 7
sneha 11 1234 1.00 22.00 3
jitisha 1 2121 1.00 33.00 3
kasi 12 2222 2.00 32.00 1
shivendra 18 9569574750 4.00 65.00 4
shivendra 19 9569574750 3.00 67.00 1
shivendra 12 8539917189583601612 0.00 -1.#R 6422264
shivendra -1343923215 8533443265119256524 -8629045101068288.00 -1.#R 6422264
tiwari -1343923215 8533443265119256524 -8629045101068288.00 -1.#R 6422264
cd -1343923215 8533443265119256524 -8629045101068288.00 -1.#R 6422264
"c:\Users\Dell\OneDrive\Desktop\C-Project\" -1343923215 8533443265119256524 -8629045101068288.00 -1.#R 6422264
; -1343923215 8533443265119256524 -8629045101068288.00 -1.#R 6422264
if -1343923215 8533443265119256524 -8629045101068288.00 -1.#R 6422264
($?) -1343923215 8533443265119256524 -8629045101068288.00 -1.#R 6422264
{ -1343923215 8533443265119256524 -8629045101068288.00 -1.#R 6422264
gcc -1343923215 8533443265119256524 -8629045101068288.00 -1.#R 6422264
project.c -1343923215 8533443265119256524 -8629045101068288.00 -1.#R 6422264
o -1343923215 8533443265119256524 -8629045101068288.00 -1.#R 6422264
project -1343923215 8533443265119256524 -8629045101068288.00 -1.#R 6422264
} -1343923215 8533443265119256524 -8629045101068288.00 -1.#R 6422264
; -1343923215 8533443265119256524 -8629045101068288.00 -1.#R 6422264
if -1343923215 8533443265119256524 -8629045101068288.00 -1.#R 6422264
($?) -1343923215 8533443265119256524 -8629045101068288.00 -1.#R 6422264
{ -1343923215 8533443265119256524 -8629045101068288.00 -1.#R 6422264
\project -1343923215 8533443265119256524 -8629045101068288.00 -1.#R 6422264
